900000010505520120523245 3.038          101010                                                                                                                                                                                                                  
920000020                                                                                                                                                                                                                                                       
93000003000000200000000000000000000000000000000000000000000000000000000000000000000000000000000000000000000000000000000000000000000000000000000000000000000000000000000000000000000000000                                                                       
940000040                                                                                                                                                                                                                                                       
95000005000000200000000000000000000000000000000000000000000000000000000000000000000000000000000000000000000000000000000000000000000000000000000000000000000000000000000000000000000000000                                                                       
960000060                                                                                                                                                                                                                                                       
97000007000000200000000000000000000000000000000000000000000000000000000000000000000000000000000000000000000000000000000000000000000000000000000000000000000000000000000000000000000000000                                                                       
980000080                                                                                                                                                                                                                                                       
07000009008162300025019  BGFI CI ABIDJAN          Abidjan      38460113  3623000211000921210                                            0000000000 14413395572615026   08252S00     98  1000000000000000000                                                     
070000101110523952200247281623313210028972063200008800 000000005000044133900 0000000050000000000050000000000000250110523120523    000000000000000313101921210015450952952000000000000000000000000 000000050000000000000000000000                                
05000011008121300028015  II PLATEAUX AGBAN        Abidjan      3845411   2920201231000131001                                            0000000000 14413395573709000   00002I00     98  1000000000000000000                                                     
050000121050523281900207420446312575804355340500008800 000000001354044133900 0000000013540000000013540000000000068120523120523    000000000000000000000000751113932952952000000000000000000000000 000000013540000000000000000000                                
05000013000059900015011  SGMDCI02                 Abidjan      3845411   2384G09811000131001                                            0000000000 14413395615964050   08252000     98  1000000000000000000                                                     
050000141080423310500208000599309865629102137100008800 000000002000044133900 0000000020000000000020000000000000100120523120523    000000000000000000630897519135136952952000000000000000000000000 000000020000000000000000000000                                
07000015000092900015010  RIVIERA 3             >ABAbidjan      38460113  3921024011000268376                                            0000000000 14413395617621294   08252S00     98  1000000000000000000                                                     
070000161110523259500247000929313210028963130500008800 000000020000044133900 0000000200000000000200000000000000250110523120523    000000000000000313112268376124821952952000000000000000000000000 000000200000000000000000000000                                
07000017008008300021016  SGCI YOP ANANERAIE 2     Abidjan      38460113  3Y61410321000003860                                            0000000000 14413395617808693   08252S00     98  1000000000000000000                                                     
070000181110523428700247280083313210028969514400008800 000000001500044133900 0000000015000000000015000000000000250110523120523    000000000000000313117839443171805952952000000000000000000000000 000000015000000000000000000000                                
07000019000092900015010  ANGRE CHU             >ABAbidjan      38460113  3929011011000275704                                            0000000000 14413395651754167   12252S00     98  1000000000000000000                                                     
070000201110523835700247000929313210028961515900008800 000000015000044133900 0000000150000000000150000000000000250110523120523    000000000000000313117275704172507952952000000000000000000000000 000000150000000000000000000000                                
07000021000092900015010  RIVIERA PALMERAIE     >ABAbidjan      38460113  3921007011000273763                                            0000000000 14413395651754167   12252S00     98  1000000000000000000                                                     
070000221110523710000247000929313210028963851600008800 000000022000044133900 0000000220000000000220000000000000250110523120523    000000000000000313116273763161759952952000000000000000000000000 000000220000000000000000000000                                
05000023000032100003003  LUNE                    >Abidjan      3845812   2003211881000132020                                            0000000000 14413395701948603   08252I00     98  1000000000000000000                                                     
050000241100523648600207432157313204180418918900008800 000000001010044133900 0000000010100000000010100000000000051120523120523    000000000000000313010014918120217952952000000000000000000000000 000000010100000000000000000000                                
05000025323CCB1EFB0BA44AC8006011203A02001                                                  7C9685B50004088004880023051000000001010052 380038               420300E0F8C822520000451                                                                              
07000026000092900015010  ABIDJAN JOSEPH ANOMA  >ABAbidjan      38460113  3921001421000276346                                            0000000000 14413395717207465   08252S00     98  1000000000000000000                                                     
070000271110523025300247000929313210028961982100008800 000000001000044133900 0000000010000000000010000000000000250110523120523    000000000000000313117276346174126952952000000000000000000000000 000000010000000000000000000000                                
07000028000092900015010  AGENCE PLATEAU ALLIAN >ABAbidjan      38460113  3921013021000258373                                            0000000000 14413395721198346   04262S00     98  1000000000000000000                                                     
070000291110523919400247000929313210028961902900008800 000000000500044133900 0000000005000000000005000000000000250110523120523    000000000000000313107258373073806952952000000000000000000000000 000000005000000000000000000000                                
07000030000543000022014  FIRSTBANKCI_YOPOUGON01 ABAbidjan      38460113  3063000271000522690                                            0000000000 14413395742003749   04262S00     98  1000000000000000000                                                     
070000311110523193500247505430313210028969116800008800 000000001000044133900 0000000010000000000010000000000000250110523120523    000000000000000313115522690152525952952000000000000000000000000 000000010000000000000000000000                                
07000032000543000022014  FIRSTBANKCI_YOPOUGON01 ABAbidjan      38460113  3063000271000522643                                            0000000000 14413395742003749   04262S00     98  1000000000000000000                                                     
070000331110523627400247505430313210028969101000008800 000000000300044133900 0000000003000000000003000000000000250110523120523    000000000000000313115522643152444952952000000000000000000000000 000000003000000000000000000000                                
07000034000543000022014  FIRSTBANKCI_YOPOUGON01 ABAbidjan      38460113  3063000271000535839                                            0000000000 14413395742003749   04262S00     98  1000000000000000000                                                     
070000351110523183700247505430313210028967361200008800 000000000300044133900 0000000003000000000003000000000000250110523120523    000000000000000313119535839192044952952000000000000000000000000 000000003000000000000000000000                                
05000036008008300021016  T C PRIMA                Abidjan      3845411   2CI0427011000131587                                            0000000000 14413395749752520   04262I00     98  1000000000000000000                                                     
050000371080523692000207280083312910096373532800008800 000000000415044133900 0000000004150000000004150000000000021120523120523    000000000000000312808006892172303952952000000000000000000000000 000000004150000000000000000000                                
05000038000000000001979  CARREFOUR SDA            Abidjan      3845411   13472952 1000131094                                            0000000000 14413395758312521   00000000     98  1000000000000000000                                                     
050000391070523180200507505540312961290698743300008800 000000000890544133900 0000000008905000000008905000000000045120523120523    000000000000000312715891670000000952952000000000000000000000000 000000008905000000000000000000                                
05000040008121300028015  CAP SUD MARCORY          Abidjan      3845137   2920203381000131001                                            0000000000 14413395758312521   00002I00     98  1000000000000000000                                                     
050000411080523023900207420446312876039057400700008800 000000004670044133900 0000000046700000000046700000000000234120523120523    000000000000000000000010584181141952952000000000000000000000000 000000046700000000000000000000                                
07000042000092900015010  ABIDJAN JOSEPH ANOMA  >ABAbidjan      38460113  3921001321000279848                                            0000000000 14413395775271429   08252S00     98  1000000000000000000                                                     
070000431110523017300247000929313210028962472200008800 000000003000044133900 0000000030000000000030000000000000250110523120523    000000000000000313119279848195600952952000000000000000000000000 000000030000000000000000000000                                
07000044000092900015010  AGENCE KOUMASSI       >ABAbidjan      38460113  3921019021000279695                                            0000000000 14413395807979791   08252S00     98  1000000000000000000                                                     
070000451110523082200247000929313210028962268400008800 000000001000044133900 0000000010000000000010000000000000250110523120523    000000000000000313119279695194551952952000000000000000000000000 000000010000000000000000000000                                
07000046000092900015010  YOPOUGON KENEYA       >ABAbidjan      38460113  3921006021000272974                                            0000000000 14413395830260102   12252S00     98  1000000000000000000                                                     
070000471110523891600247000929313210028962950700008800 000000001000044133900 0000000010000000000010000000000000250110523120523    000000000000000313115272974154323952952000000000000000000000000 000000010000000000000000000000                                
07000048000092900015010  AGENCE COCODY DANGA   >ABAbidjan      38460113  3921012021000274323                                            0000000000 14413395845017224   08252S00     98  1000000000000000000                                                     
070000491110523285000247000929313210028962185000008800 000000005000044133900 0000000050000000000050000000000000250110523120523    000000000000000313116274323163707952952000000000000000000000000 000000050000000000000000000000                                
05000050008008300021016  SUPER U PLATEAU          Abidjan      3845411   2CI0490041000131587                                            0000000000 14413395879252564   08252I00     98  1000000000000000000                                                     
050000511080523632500207280083312910096373841300008800 000000002230644133900 0000000022306000000022306000000000112120523120523    000000000000000312808013954183402952952000000000000000000000000 000000022306000000000000000000                                
07000052000059900015011  0059900015011 Alliance AlAbidjan      38460113  3ECISST011000005401                                            0000000000 14413395896686547   04262S00     98  1000000000000000000                                                     
070000531110523929500247000599313210028957727500008800 000000000500044133900 0000000005000000000005000000000000250110523120523    000000000000000000646366522181913952952000000000000000000000000 000000005000000000000000000000                                
05000054000032100003003  PLEIN SUD BEAUTE        >Abidjan      3845977   2040032311000132020                                            0000000000 14413395906505141   12252I00     98  1000000000000000000                                                     
050000551100523028200207432157313207760776126100008800 000000000590044133900 0000000005900000000005900000000000030120523120523    000000000000000313010019126181457952952000000000000000000000000 000000005900000000000000000000                                
050000563CE03A22114C15F1A8006011203A02001                                                  6DF1E28B0002088004880023051000000000590052 380038               420300E0F8C822520000326                                                                              
07000057008008300021016  SGCI KOUMASI REMBLAIS    Abidjan      38460113  3Y61411011000004560                                            0000000000 14413395922976722   12252S00     98  1000000000000000000                                                     
070000581110523112300247280083313210028973834000008800 000000008000044133900 0000000080000000000080000000000000250110523120523    000000000000000313115079234151751952952000000000000000000000000 000000080000000000000000000000                                
07000059000092900015010  YOPOUGON KENEYA       >ABAbidjan      38460113  3921006011000274674                                            0000000000 14413395928402004   08252S00     98  1000000000000000000                                                     
070000601110523763200247000929313210028962637000008800 000000003000044133900 0000000030000000000030000000000000250110523120523    000000000000000313116274674164847952952000000000000000000000000 000000030000000000000000000000                                
05000061008162300025019  CDL                     >Abidjan      3848021   2816231581000132309                                            0000000000 14413395928884409   04262I00     98  1000000000000000000                                                     
050000621110523129900207432157313200820082323200008800 000000004500044133900 0000000045000000000045000000000000225120523120523    000000000000000313111005323162846952952000000000000000000000000 000000045000000000000000000000                                
05000063339B01A53349B1BF18006011203A03003                                                  0EC1F2A80001008004800023051100000004500052 380068               020300E0D8C822 005322                                                                                
07000064008007300018008  SIB ABIDJAN            REAbidjan      38460113  3200007121000000372                                            0000000000 14413395959848018   12252S00     98  1000000000000000000                                                     
070000651110523276500247280073313210028970832900008800 000000001000044133900 0000000010000000000010000000000000250110523120523    000000000000000313116000372163702952952000000000000000000000000 000000010000000000000000000000                                
07000066000092900015010  AGENCE YOPOUGON NIANG >ABAbidjan      38460113  3921015011000261786                                            0000000000 14413395966980960   12252S00     98  1000000000000000000                                                     
070000671110523760200247000929313210028963720300008800 000000001000044133900 0000000010000000000010000000000000250110523120523    000000000000000313109261786093900952952000000000000000000000000 000000010000000000000000000000                                
07000068008007300018008  SIB ABIDJAN            REAbidjan      38460113  3000010231000001261                                            0000000000 14413396016716941   08252S00     98  1000000000000000000                                                     
070000691110523768800247280073313210028966942200008800 000000003500044133900 0000000035000000000035000000000000250110523120523    000000000000000313100001261005801952952000000000000000000000000 000000035000000000000000000000                                
05000070008008300021016  DUFRY CI                 Abidjan      3845631   2CI0345011000131587                                            0000000000 14413396052670432   12252000     98  1000000000000000000                                                     
050000711080523884300207280083312910096373019600008800 000000003744244133900 0000000037442000000037442000000000187120523120523    000000000000000312808017351233826952952000000000000000000000000 000000037442000000000000000000                                
07000072000092900015010  AGENCE PORT-BOUET     >ABAbidjan      38460113  3921028021000275638                                            0000000000 14413396071004407   08252S00     98  1000000000000000000                                                     
070000731110523886800247000929313210028961475600008800 000000001500044133900 0000000015000000000015000000000000250110523120523    000000000000000313117275638172339952952000000000000000000000000 000000015000000000000000000000                                
05000074008121300028015  PROSUMA CASINO ALLABRA 1 Abidjan      3845411   2920200481000131001                                            0000000000 14413396085821432   00002I00     98  1000000000000000000                                                     
050000751060523749400207420446312675924796280500008800 000000008642044133900 0000000086420000000086420000000000432120523120523    000000000000000000000020591193015952952000000000000000000000000 000000086420000000000000000000                                
07000076000092900015010  ABIDJAN JOSEPH ANOMA  >ABAbidjan      38460113  3921001071000274074                                            0000000000 14413396103095415   08252S00     98  1000000000000000000                                                     
070000771110523555800247000929313210028962022500008800 000000006000044133900 0000000060000000000060000000000000250110523120523    000000000000000313116274074162906952952000000000000000000000000 000000060000000000000000000000                                
07000078008007300018008  SIB ABIDJAN            REAbidjan      38460113  3000014711000000155                                            0000000000 14413396146400606   12252S00     98  1000000000000000000                                                     
070000791110523652600247280073313210028968237500008800 000000003000044133900 0000000030000000000030000000000000250110523120523    000000000000000313120000155205019952952000000000000000000000000 000000030000000000000000000000                                
07000080000092900015010  ABIDJAN JOSEPH ANOMA  >ABAbidjan      38460113  3921001681000273009                                            0000000000 14413396159057293   08252S00     98  1000000000000000000                                                     
070000811110523276100247000929313210028963007500008800 000000005000044133900 0000000050000000000050000000000000250110523120523    000000000000000313115273009154506952952000000000000000000000000 000000050000000000000000000000                                
07000082008007300018008  SIB ABIDJAN            REAbidjan      38460113  3200007311000000527                                            0000000000 14413396244303777   12252S00     98  1000000000000000000                                                     
070000831110523379300247280073313210028970026800008800 000000006000044133900 0000000060000000000060000000000000250110523120523    000000000000000313119000527193849952952000000000000000000000000 000000060000000000000000000000                                
07000084000092900015010  AGENCE YOPOUGON NIANG >GAAbidjan      38460113  3921000121000268096                                            0000000000 14413396246024199   04262S00     98  1000000000000000000                                                     
070000851110523839000247000929313210028962817800008800 000000003000044133900 0000000030000000000030000000000000250110523120523    000000000000000313112268096123924952952000000000000000000000000 000000030000000000000000000000                                
07000086000092900015010  AGENCE DE GAGNOA      >GAAbidjan      38460113  3921001551000256724                                            0000000000 14413396246024199   04262S00     98  1000000000000000000                                                     
070000871110523094600247000929313210028960760200008800 000000003000044133900 0000000030000000000030000000000000250110523120523    000000000000000313103256724034759952952000000000000000000000000 000000030000000000000000000000                                
07000088000092900015010  AGENCE YOPOUGON NIANG >GAAbidjan      38460113  3921000121000278932                                            0000000000 14413396246024199   04262S00     98  1000000000000000000                                                     
070000891110523708900247000929313210028961461600008800 000000002000044133900 0000000020000000000020000000000000250110523120523    000000000000000313119278932191124952952000000000000000000000000 000000020000000000000000000000                                
07000090000032100003003  DAB II ZONE 4            Abidjan      38460113  3100020041000995742                                            0000000000 14413396262280014   12252S00     98  1000000000000000000                                                     
070000911110523249400247000321313210028952473600008800 000000010000044133900 0000000100000000000100000000000000250110523120523    000000000000000000515462646115315952952000000000000000000000000 000000100000000000000000000000                                
10000092003001010100000000000217500505520000000000021750000000000000000000   T000000000000029000000075120523120523 00000000217512052300000000000000000000000000952952                                                                                           
100000931                                                                                                                                                                                                                                                       
10000094003002020200000000000060000505520000000000006000000000000000000000   CI00000000000008000000075120523120523 00000000060012052300000000000000000000000000952952                                                                                           
100000951                                                                                                                                                                                                                                                       
10000096003002020200000000000022500505520000000000002250000000000000000000   CI00000000000003000000075120523120523 00000000022512052300000000000000000000000000952952                                                                                           
100000971                                                                                                                                                                                                                                                       
46000098014413390001005120523952000000000300463DB00000011000000000000000DB00000000000000000300463000000001000000000300463DB00000000000000000000000000000000000000000000000140523                                                                                
46000099014413390001008120523952000000001331000DB00000029000000000000000DB00000000000000001331000000000001000000001331000DB00000000000000000000000000000000000000000000000140523                                                                                
46000100014413390002008120523952000000000007250DB00000029000000000000000DB00000000000000000007250000000001000000000007250DB00000000000000000000000000000000000000000000000140523                                                                                
46000101014413390002005120523952000000000001505CR00000011000000000000000DB00000000000000000001505000000001000000000001505CR00000000000000000000000000000000000000000000000140523                                                                                
46000102000000000021001120523952000000000300463DB00000011000000000000000DB00000000000000000300463710000000000000000300463DB00000000000000000000000000000000000000000000000120523                                                                                
46000103000000000021002120523952000000000001505CR00000011000000000000000DB00000000000000000001505710000000000000000001505CR00000000000000000000000000000000000000000000000120523                                                                                
46000104000000000036008120523952000000001331000DB00000029000000000000000DB00000000000000001331000710000000000000001331000DB00000000000000000000000000000000000000000000000120523                                                                                
46000105000000000037008120523952000000000007250DB00000029000000000000000DB00000000000000000007250710000000000000000007250DB00000000000000000000000000000000000000000000000120523                                                                                
46000106000000000038008120523952000000001338250DB00000058000000000000000DB00000000000000001338250710000000000000001338250DB00000000000000000000000000000000000000000000000120523                                                                                
46000107000000000006008120523952000000001331000DB00000029000000000000000DB00000000000000001331000710000000000000001331000DB00000000000000000000000000000000000000000000000120523                                                                                
46000108000000000007008120523952000000000007250DB00000029000000000000000DB00000000000000000007250710000000000000000007250DB00000000000000000000000000000000000000000000000120523                                                                                
46000109030000000021006120523952000000000000825DB00000002000000000000000DB00000000000000000000825710000000000000000000825DB00000000000202020000000000000000000000000000000120523                                                                                
46000110030000000021006120523952000000000002175DB00000001000000000000000DB00000000000000000002175710000000000000000002175DB00000000000101010000000000000000000000000000000120523                                                                                
99000111000010500000000000000000000000000000000000000004000000000000000000000000000000000000000000000000000000003000000000000000000000000000000000000000000000013000000000000000000000000                                                                       
800001120                                                                                                                                                                                                                                                       
81000113000000400000000000000000000000000000000000000000000000000000000000000000000000000000000000000000000000000000000000000000000000000000000000000000000000000000000000000000000000000                                                                       
91000114000011400000000000000000000000000000000000000004000000000000000000000000000000000000000000000000000000003000000000000000000000000000000000000000000000013000000000000000000000000000000                                                                 
